3220, 3208
3221, 3214
3224, 3214
3224, 3219
3219, 3225
3222, 3229
3224, 3227
3215, 3222
3214, 3227
3205, 3228
3214, 3215
3215, 3212
3211, 3211
3207, 3210
3210, 3216
3209, 3205
3213, 3205
3204, 3204
3202, 3215
3203, 3223
3297, 3233
3211, 3232
3218, 3233
3229, 3224
3234, 3216
3235, 3218
3233, 3222
3235, 3227
3230, 3230
3230, 3238
3229, 3241
3241, 3218
3244, 3214
3243, 4209
3246, 3208
3241, 3206
3235, 3208
3231, 3207
3235, 3205
3230, 3203
3228, 3202
3236, 3200
3240, 3201
3246, 3201
3244, 3197
3239, 3195
3249, 3199
3241, 3192
3247, 3194
3251, 3193
3234, 3197
3230, 3198
3226, 3234
3226, 3243
3219, 3245
3211, 3248
3212, 3244
3218, 3250
3215, 3255
3220, 3256
3224, 3254
3227, 3262
3227, 3266
3228, 3268
3235, 3262
3247, 3261
3252, 3260
3244, 3251
3249, 3249
3246, 3246
3243, 3247
3246, 3237
3246, 3234
3250, 3232
3256, 3236
3259, 3240
3260, 3236
3263, 3238
3263, 3248
3257, 3251
3263, 3231
3259, 3228
3253, 3230
3253, 3226
3246, 3225
3242, 3226
3236, 3226
3241, 3222
3219, 3238
3214, 3237
3218, 3262
3220, 3271
3214, 3275
-Varrock
3210, 3424
3207, 3427
3209, 3432
3207, 3436
3211, 3434
3215, 3436
3216, 3432
3219, 3435
3221, 3432
3217, 3427
3218, 3423
3214, 3418
3217, 3415
3214, 3411
3210, 3412
3211, 3417
3203, 3417
3207, 3414
3202, 3425
3203, 3436
3201, 3433
3203, 3429
3196, 3427
3192, 3431
3185, 3432
3182, 3427
3186, 3426
3189, 3424
3189, 3421
3180, 3446
3184, 3444
3180, 3440
3182, 3437
3186, 3434
3183, 3431
3176, 3432
3173, 3427
3175, 3424
3181, 3417
3183, 3415
3185, 3413
3188, 3413
3183, 3408
3181, 3410
3185, 3404
3179, 3400
3184, 3401
3187, 3408
3190, 3406
3192, 3405
3197, 3405
3189, 3399
3195, 3400
3190, 3397
3191, 3394
3193, 3391
3196, 3394
3200, 3398
3203, 3409
3195, 3415
3196, 3411
3192, 3419
3187, 3417
3191, 3423
3193, 3426
3197, 3415
3204, 3395
3205, 3399
3207, 3400
3207, 3396
3210, 3405
3206, 3408
3209, 3411
3213, 3407
3211, 3397
3213, 3396
3216, 3395
3220, 3400
3222, 3395
3226, 3397
3226, 3401
3229, 3399
3231, 3395
3217, 3390
3211, 3387
3209, 3392
3208, 3384
3213, 3384
3215, 3387
3217, 3384
3220, 3386
3223, 3388
3227, 3382
3200, 3390
3197, 3383
3192, 3386
3190, 3382
3187, 3386
3183, 3383
3183, 3389
3186, 3392
3183, 3397
3218, 3390
3222, 3392
3229, 3391
3234, 3383
3237, 3386
3239, 3389
3238, 3394
3241, 3395
3243, 3387
3246, 3390
3246, 3383
3251, 3390
3244, 3394
3250, 3397
3253, 3393
3255, 3384
3258, 3382
3260, 3385
3258, 3392
3261, 3394
3255, 3397
3253, 3401
3243, 3402
3238, 3405
3230, 3407
3228, 3407
3226, 3407
3226, 3412
3229, 3415
3225, 3421
3228, 3425
3223, 3432
3229, 3435
3228, 3439
3231, 3439
3234, 3429
3231, 3423
3235, 3426
3237, 3433
3243, 3425
3247, 3433
3245, 3439
3245, 3444
3249, 3446
3250, 3448
3255, 3445
3257, 3450
3241, 3475
3255, 3477
3248, 3487
3238, 3488
3242, 3484
3249, 3492
3257, 3486
3258, 3480
3245, 3475
3248, 3480
3252, 3484
3250, 3482
3244, 3470
3239, 3472
3260, 3444
3239, 3414
3237, 3404
3239, 3461
3247, 3399
3254, 3459
3253, 3464
3239, 3453
3250, 3463
3244, 3468
3238, 3465
3244, 3457
3239, 3449
3243, 3402
3237, 3411
3251, 3433
3255, 3436
3253, 3425
3251, 3421
3254, 3420
3256, 3430
3246, 3409
3248, 3405
3250, 3428
-Falador
2964, 3378
2963, 3348
2960, 3378
2966, 3345
3040, 3374
3006, 3332
2987, 3319
2973, 3337
3059, 3373
2982, 3317
2994, 3318
2974, 3316
2983, 3312
2970, 3312
2966, 3339
2995, 3324
2978, 3314
2996, 3323
3006, 3324
3007, 3349
3010, 3328
3001, 3325
3001, 3329
3005, 3355
3009, 3338
2958, 3373
3053, 3371
3013, 3350
3060, 3379
3026, 3336
3059, 3374
3057, 3369
3050, 3369
3042, 3368
2980, 3343
3044, 3372
2977, 3340
3031, 3337
3021, 3342
3016, 3340
2986, 3375
3048, 3362
3029, 3342
3014, 3336
3048, 3342
3035, 3345
3049, 3357
3044, 3350
3038, 3348
3045, 3346
3042, 3351
3045, 3366
3043, 3357
3034, 3359
3039, 3355
3036, 3353
3002, 3365
3034, 3358
3021, 3359
3017, 3365
3027, 3354
3023, 3356
3009, 3366
3025, 3360
3015, 3357
3011, 3364
3012, 3359
2988, 3369
3010, 3356
3006, 3360
2969, 3343
2982, 3368
2997, 3361
2996, 3369
2991, 3365
2992, 3373
2973, 3346
2965, 3355
2983, 3379
2947, 3375
2984, 3372
2964, 3361
2978, 3377
2964, 3390
2963, 3365
2969, 3392
2943, 3358
2945, 3335
2941, 3365
2952, 3357
2943, 3339
2950, 3364
2945, 3345
2945, 3351
2945, 3369
2973, 3370
2955, 3377
2951, 3370
2955, 3389
2943, 3383
2949, 3386
2947, 3378
2955, 3367
2958, 3387
2955, 3384
2960, 3381
2963, 3370
3024, 3384
2977, 3383
2971, 3378
2971, 3374
2973, 3386
2962, 3385
3016, 3387
3015, 3369
3022, 3376
2969, 3387
3011, 3380
3005, 3376
3000, 3377
2974, 3389
3002, 3382
2978, 3386
2984, 3389
3001, 3387
2997, 3385
2994, 3380
2990, 3382
2988, 3386
2968, 3383